gridboard:
  do_qualize_hist: 0
  do_smoothing: 1
  bin_type: 1
  bin_param0: 50
  bin_param1: 0
  unitleng: 5.0
  n_circles_x: 20
  n_circles_y: 27
  origin_x: 10
  origin_y: 13
#  unitleng: 10.0
#  n_circles_x: 10
#  n_circles_y: 14
#  origin_x: 5
#  origin_y: 7
  distance_between_circles: 1.2
  n_circles_minimum: 4
  min_rate: 0.33
  max_rate: 1.5
  fitscore: 0.95
  fitrange: 1.5
  torelance: 1.5

robot:
  calib:
    mTc:
      translation:
        x: -54.8985468736 #-54.521024598
        y: 38.9203882431 #39.1882289589
        z: 132.527050128 #132.88257248
      rotation:
        x: -0.00561741984427 #-0.00515461560983
        y: -0.00663910324593 #-0.00682166679766
        z: -0.699898076927 #-0.699445835127
        w: 0.714189784872 #0.71463446497

volume_of_interest:
  xmin: nan #250
  xmax: nan #563 # xmin + 313
  ymin: nan #-300
  ymax: nan #-80 # ymin + 220
  zmin: 4
  zmax: 99 # zmin + 95
