pshift_genpc:
  camera:
    ExposureTime: 2000
    Gain: 50
  projector:
    ExposureTime: 30
    Intencity: 100
    Interval: 100
live:
  camera:
    AcquisitionFrameRate: 10
    ExposureTime: 35000
    GainAnalog: 0
    Gain: 100
camera:
  Height: 480
  Width: 1280
left:
  remap:
    height: 480
    width: 640
    D: [ -3.1117112803717262e-01, 2.8625893075341555e+01,
        -2.8623567833400098e-04, -6.4418119255035527e-03,
        -5.2430145774986306e+02 ]
    K: [ 1.8789100014962805e+03, 0., 3.0096289966660242e+02, 0.,
        1.8789100014962805e+03, 2.3336134929150398e+02, 0., 0., 1. ]
    R: [ 9.8234192450417734e-01, 1.8362606560661449e-03,
        1.8708546578564567e-01, -2.4586873104648879e-03,
        9.9999218795487821e-01, 3.0949775321641292e-03,
        -1.8707832108007161e-01, -3.5003108459428812e-03,
        9.8233876519551222e-01 ]
    P: [ 2.1368667319360070e+03, 0., -6.4867132186889648e+01, 0., 0.,
        2.1368667319360070e+03, 2.2721537208557129e+02, 0., 0., 0., 1.,
        0. ]
#    D: [ 1.7042062360011348e-01, -1.3271740557094318e+00,
#        -4.2356959169429567e-03, -1.1056228063264421e-03,
#        -1.6553124522580296e+00 ]
#    K: [ 1.8773399971343072e+03, 0., 3.2334915564313536e+02, 0.,
#        1.8773399971343072e+03, 2.1665242342796313e+02, 0., 0., 1. ]
#    R: [ 9.7978583806891439e-01, 3.6658391807417425e-03,
#        2.0001568224190852e-01, -3.5271580386236952e-03,
#        9.9999322862850382e-01, -1.0496920079219071e-03,
#        -2.0001817586350937e-01, 3.2298644222565696e-04,
#        9.7979213356915262e-01 ]
#    P: [ 2.0466769882389021e+03, 0., -6.5639653205871582e+01, 0., 0.,
#        2.0466769882389021e+03, 2.1808115768432617e+02, 0., 0., 0., 1.,
#        0. ]
#    D: [-0.452073, 0.271462, -0.002875, -0.00089, 0.0]
#    K: [936.407972, 0.0, 318.658892, 0.0, 935.246513, 208.40966, 0.0, 0.0, 1.0]
#    R: [0.999968, 0.003587, -0.007209999999999999, -0.0036149999999999997, 0.9999859999999999, -0.0038529999999999997, 0.007195999999999999, 0.0038789999999999996, 0.9999669999999999]
#    P: [964.358829, 0.0, 319.807098, 0.0, 0.0, 964.358829, 223.364052, 0.0, 0.0, 0.0, 1.0, 0.0]
right:
  remap:
    height: 480
    width: 640
    D: [ 4.8920879621951557e-01, -1.7378558304189109e+01,
        -2.9728052098213992e-03, -8.0265387762663218e-03,
        2.0105169156160824e+02 ]
    K: [ 1.8471342691304280e+03, 0., 2.7758439986227813e+02, 0.,
        1.8471342691304280e+03, 2.2134536748362365e+02, 0., 0., 1. ]
    R: [ 9.9840121988182318e-01, 4.1435256971396597e-03,
        -5.6372292247917705e-02, -4.3302995042656424e-03,
        9.9998553140341806e-01, -3.1914714516722213e-03,
        5.6358252675991094e-02, 3.4304778997430348e-03,
        9.9840471712461820e-01 ]
    P: [ 2.1368667319360070e+03, 0., 3.8401736450195312e+02,
        -1.7464557150972556e+05, 0., 2.1368667319360070e+03,
        2.2721537208557129e+02, 0., 0., 0., 1., 0. ]
#    D: [ 4.9296216466136827e-01, -1.7490571221825320e+01,
#        -3.2565793452715330e-03, -7.8536258560077989e-03,
#        2.0158025645766207e+02 ]
#    K: [ 1.8488653792118748e+03, 0., 2.7785675141999070e+02, 0.,
#        1.8488653792118748e+03, 2.1966182880570867e+02, 0., 0., 1. ]
#    R: [ 9.9849328234937063e-01, 4.1660919171989420e-03,
#        -5.4715708725349768e-02, -4.1283319332046211e-03,
#        9.9999115589643839e-01, 8.0312163108318057e-04,
#        5.4718570692491128e-02, -5.7602694596724127e-04,
#        9.9850165058167439e-01 ]
#    P: [ 2.0466769882389021e+03, 0., 3.8123467254638672e+02,
#        -1.6730852630759864e+02, 0., 2.0466769882389021e+03,
#        2.1808115768432617e+02, 0., 0., 0., 1., 0. ]
#    D: [-0.469207, 0.376855, -0.0024129999999999998, 4.8e-05, 0.0]
#    K: [934.165117, 0.0, 302.91178, 0.0, 932.486259, 242.244762, 0.0, 0.0, 1.0]
#    R: [0.9999039999999999, 0.000578, -0.013852, -0.000525, 0.999992, 0.0038689999999999996, 0.013854, -0.003862, 0.9998969999999999]
#    P: [964.358829, 0.0, 319.807098, -86.854975, 0.0, 964.358829, 223.364052, 0.0, 0.0, 0.0, 1.0, 0.0]
genpc:
  Q: [ 1., 0., 0., -8.2712450027465820e+01, 0., 1., 0.,
      -2.1523923683166504e+02, 0., 0., 0., 1.8508092392017261e+03, 0.,
      0., 1.0315516452606842e-03, 4.5729672055072357e-01 ]
