pshift_genpc:
  camera:
    ExposureTime: 2000
    Gain: 50
  projector:
    ExposureTime: 30
    Intencity: 100
    Interval: 100
live:
  camera:
    AcquisitionFrameRate: 10
    ExposureTime: 35000
    GainAnalog: 0
    Gain: 100
camera:
  Height: 480
  Width: 1280
left:
  remap:
    height: 480
    width: 640
    D: [ 3.3586516719000307e-02, 8.8291965100987397e+00,
        -3.1855959403990445e-03, -1.7771943095520862e-03,
        -2.1460315669815228e+02 ]
    K: [ 1.8015395495014138e+03, 0., 3.3255242505375173e+02, 0.,
        1.8015395495014138e+03, 2.1190147734562484e+02, 0., 0., 1. ]
    R: [ 9.9106129743154636e-01, 3.6644962674339749e-03,
        1.3335695032658099e-01, -3.3688777804137498e-03,
        9.9999134283372126e-01, -2.4423185933518218e-03,
        -1.3336474570065682e-01, 1.9712241670494868e-03,
        9.9106506288915386e-01 ]
    P: [ 1.8508092392017261e+03, 0., 8.2712450027465820e+01, 0., 0.,
        1.8508092392017261e+03, 2.1523923683166504e+02, 0., 0., 0., 1.,
        0. ]
#    D: [-0.452073, 0.271462, -0.002875, -0.00089, 0.0]
#    K: [936.407972, 0.0, 318.658892, 0.0, 935.246513, 208.40966, 0.0, 0.0, 1.0]
#    R: [0.999968, 0.003587, -0.007209999999999999, -0.0036149999999999997, 0.9999859999999999, -0.0038529999999999997, 0.007195999999999999, 0.0038789999999999996, 0.9999669999999999]
#    P: [964.358829, 0.0, 319.807098, 0.0, 0.0, 964.358829, 223.364052, 0.0, 0.0, 0.0, 1.0, 0.0]
right:
  remap:
    height: 480
    width: 640
    D: [ 1.0540679473089216e-01, -2.2798579456650500e-01,
        -6.7403863561783187e-04, -6.8428686907850023e-04,
        -1.3852741056468536e+01 ]
    K: [ 1.8092180105276520e+03, 0., 3.0851123567629003e+02, 0.,
        1.8092180105276520e+03, 2.2023956396127829e+02, 0., 0., 1. ]
    R: [ 9.9319566315475727e-01, 3.4775370520927556e-03,
        -1.1640567609284966e-01, -3.2196327501775100e-03,
        9.9999192848893281e-01, 2.4035228184531394e-03,
        1.1641309486280353e-01, -2.0123849125260633e-03,
        9.9319884295715322e-01 ]
    P: [ 1.8508092392017261e+03, 0., 5.2602202415466309e+02,
        -1.7941992993806980e+06, 0., 1.8508092392017261e+03,
        2.1523923683166504e+02, 0., 0., 0., 1., 0. ]
#    D: [-0.469207, 0.376855, -0.0024129999999999998, 4.8e-05, 0.0]
#    K: [934.165117, 0.0, 302.91178, 0.0, 932.486259, 242.244762, 0.0, 0.0, 1.0]
#    R: [0.9999039999999999, 0.000578, -0.013852, -0.000525, 0.999992, 0.0038689999999999996, 0.013854, -0.003862, 0.9998969999999999]
#    P: [964.358829, 0.0, 319.807098, -86.854975, 0.0, 964.358829, 223.364052, 0.0, 0.0, 0.0, 1.0, 0.0]
genpc:
  Q: [ 1., 0., 0., -8.2712450027465820e+01, 0., 1., 0.,
      -2.1523923683166504e+02, 0., 0., 0., 1.8508092392017261e+03, 0.,
      0., 1.0315516452606842e-03, 4.5729672055072357e-01 ]
